6542
2930
4834
1116
4640
5022
1674
3978
5574
6778
5830
8746
5098
4768
3656
2356
9162
5538
1324
2440
3932
2624
9630
4394
1102
6730
3806
3036
7530
9742
8724
2860
38
2758
5548
8254
7712
5142
4032
7674
334
2000
54
2484
4894
2422
7808
468
8128
8936
4310
5250
7452
2814
6618
8282
4990
2610
304
4344
3094
486
3196
9504
8010
9590
5282
7158
1588
524
6520
6192
9816
9658
1512
4180
3200
4022
292
4042
7596
6484
538
6360
1656
2592
5256
9790
3402
586
286
6424
3758
8618
7190
5722
1330
556
1426
6550
7442
6140
3754
146
4170
7862
6870
1004
7438
2550
2530
6688
3298
3196
194
2950
2456
6106
672
1702
4356
4314
2264
6280
2424
4314
946
7130
2162
1174
5536
482
8322
6440
7254
1660
650
4746
8314
54
1186
7392
9906
8788
6478
3626
5076
4390
8178
8298
7488
1764
3986
7774
1834
160
2626
528
4100
7628
9214
4182
3062
7506
1004
2726
7594
3032
1024
9188
236
7286
4668
9712
834
2414
1544
8020
2126
7372
2696
2594
3852
1120
8088
2044
228
9566
3488
9578
5110
2626
5628
5630
5424
196
3262
3738
2526
9012
124
316
4758
3830
852
7714
8366
1764
1154
5548
6412
772
9358
6478
1114
4888
9802
2304
6440
2994
9406
2836
1112
3358
9338
3272
9358
4486
8824
9618
1586
4042
4424
4230
4130
2718
9362
3870
2054
9856
6560
4566
1478
3008
2224
4676
2742
6512
68
1636
912
2484
2608
2964
1784
5206
2194
2702
2280
1994
1638
3222
7826
1460
176
4856
9856
6642
4414
8444
9314
876
2674
1018
878
7612
8686
3832
3170
696
2590
9498
9354
5146
336
8652
7606
8760
8504
2182
3776
3830
9542
6468
1628
5562
602
7814
216
6078
8214
8684
6130
5760
8028
5602
76
3848
6288
7550
5998
5882
7490
2172
2364
7592
914
7620
304
1540
4976
5206
2972
1248
1546
1076
2914
2664
1222
504
2866
8290
3986
8520
1770
8324
9602
3246
6970
4016
3528
4424
7104
9902
9764
2638
2944
5050
6464
2410
5348
1544
4682
1222
2844
7950
8036
784
9854
5630
5186
9924
3360
4956
2258
7068
356
1026
5412
5566
9516
6706
4430
6174
7914
8076
2550
1002
9142
6566
94
9376
1016
1356
2638
2012
4626
7842
354
894
2234
1132
5088
7110
4214
2318
6304
1362
4156
1904
3654
8490
3562
6910
9644
6304
1946
4
3972
2620
5314
2686
1462
9038
5590
3960
9962
9782
260
8870
4938
5270
1516
6494
4556
6216
5118
3040
5952
9816
6086
7816
3972
3074
8690
2942
1724
1364
6114
3978
1680
8116
6542
9370
3832
6924
5706
4370
1458
5630
4694
3310
6680
6668
2250
826
8406
9422
4296
6154
2868
1334
1072
6022
4722
7682
9088
2746
3942
8424
7532
9874
1908
4308
3482
416
9310
1294
5346
7492
6810
6996
6440
6424
7660
7480
5270
5132
3038
6634
808
648
3926
800
3852
6926
4450
9898
230
676
1656
5148
2362
5076
7664
476
1522
4516
9570
5616
8398
9568
4576
8316
1886
5072
2926
4334
9738
8338
2394
1924
3338
2506
9136
9950
1592
7470
2550
2624
6338
8374
944
8820
6250
7086
9282
7586
3806
5566
8420
290
1942
2612
4162
9696
3510
3162
5590
9574
6894
8780
6032
2610
1616
8256
5606
9790
1578
5548
2482
6344
3440
196
6822
5496
5392
1760
7224
5946
4320
1368
4416
3448
9332
8584
8284
5022
1788
1112
8926
5678
1644
5970
9678
7784
1992
7728
1028
8704
7186
5546
6444
4238
698
5872
2724
5968
8150
5870
268
7466
682
2112
9794
7714
5178
4902
1382
2238
8824
2180
8024
170
6596
2328
3878
2502
1314
7214
5784
5652
4866
4868
3504
6064
2662
9258
1882
9436
9490
2076
6366
808
7834
5842
9488
1370
1838
1600
1648
9536
3498
190
6842
2016
7650
3244
1736
9852
9524
5698
9892
8634
4920
2932
2526
900
3488
6194
8484
8530
2786
1498
6980
9278
972
3550
1498
194
74
8792
8806
5012
2434
7968
2608
8504
6478
8762
9020
2612
6684
1164
6814
2742
2600
3518
4388
616
5250
2106
3524
242
3580
7096
9622
3450
160
6490
900
7754
2996
4082
3730
4008
9930
1244
3094
5566
7578
5652
4630
6518
1578
9092
694
6858
6950
9816
5470
5792
5974
1192
5056
1160
9558
3066
6098
9262
2514
7066
3184
6956
2446
1948
4612
3490
9976
6150
6368
2188
7232
7642
7008
6322
6480
6706
5760
190
9448
1352
3866
3334
9488
8552
2432
862
2504
1778
9254
5822
4198
2456
9136
5948
4456
6022
6282
1644
636
9254
4748
8154
856
4200
4962
4802
6474
3246
1562
574
1182
4354
6364
9860
2530
9982
7466
8644
6672
8806
8248
4382
3166
5432
3990
1294
7172
6698
2700
4288
4016
1618
5200
1786
2098
1970
5814
8272
9200
1332
8388
7268
6086
7416
7828
4508
272
9886
4694
6432
2678
9414
1312
338
110
5530
3456
988
3094
3182
1648
3290
7356
5666
9448
9502
8218
494
762
222
3526
9096
1782
2594
3344
3714
1412
2080
3252
2260
664
3780
2934
1532
4366
2096
5726
8456
6836
3560
4072
6654
754
2886
798
7376
1494
3336
2956
708
9098
4774
7906
8316
1010
6226
5044
1456
2482
22
3718
3336
2760
3170
1896
5304
4142
8662
4792
9106
4200
1980
84
6254
1064
7230
4770
1048
5006
1488
1324
7680
5988
2030
4034
8754
4780
3956
3590
184
9034
3488
136
9222
7946
9272
8682
7538
2670
4568
1808
9106
1002
8966
3598
3546
1458
2672
8802
4228
1602
4724
8564
3566
7722
2364
9302
364
9772
6742
496
3016
9152
5280
4246
2708
3394
8056
3446
7422
4624
2226
1340
1198
5994
9780
2936
9446
4988
8806
490
8224
9734
2210
4698
8136
1964
3856
294
7076
6742
4120
8284
2280
2780
9562
6738
2120
738
578
2738
2796
8794
1902
4092
4126
5908
4876
42
3352
8330
8720
5788
2190
3592
682
7064
3054
4894
3240
6140
1696
8480
1084
9994
7622
9516
3640
7006
5904
668
1892
6944
1024
4400
2582
7350
4244
5142
5892
688
8708
8414
4638
6706
7190
9878
2196
2664
9468
8246
7812
3064
3190
6868
2426
8936
1204
5024
9100
9618
1548
5968
1052
1982
1496
7532
592
8916
2320
6804
7976
6820
1776
134
9384
5792
3570
2258
3586
7234
4272
104
1642
9048
480
9612
894
5334
1532
9406
6136
6896
2362
1848
3942
1358
3700
1914
6346
7470
2684
3530
9150
4066
3050
8774
6364
1070
5870
7512
6748
9732
2704
3044
8054
5680
7104
5652
1912
1564
4616
2180
5478
74
5386
62
5842
9274
1718
3918
2884
6858
1636
906
8632
4590
2004
6082
5620
9682
6178
1072
644
6460
2296
6408
2994
3894
7038
7634
1152
998
2308
8704
4884
6718
8246
2660
3662
2766
2652
9602
1498
7210
8424
7462
2204
390
66
1750
1268
8000
4288
3272
6788
582
176
8422
206
2462
4460
482
2936
8494
9568
4980
7284
2256
5434
2402
9066
2760
394
2934
6194
7104
138
7274
2628
8212
1648
3880
932
1150
876
670
5450
124
4600
1732
1444
2862
3968
9386
1394
990
8224
2668
2470
812
954
3744
5428
7196
7590
7810
600
1448
7890
7976
6372
4918
1556
1110
7652
8642
5396
4756
1382
1086
84
8188
4278
2504
5090
9162
5046
3856
5822
2928
1266
4926
884
2676
7252
2738
1002
936
1072
2146
1826
3038
3574
9906
8048
9540
1718
4774
840
4116
232
9104
9646
7200
676
3774
2646
830
3278
9204
1402
170
7940
664
1576
1678
8722
6126
6898
890
5096
7962
3994
9508
5138
4644
120
678
8892
3042
9858
822
260
842
7930
6916
1624
7760
4958
7616
4716
1830
4242
5094
5228
8134
2886
5982
3106
4194
7086
6924
678
5408
5768
5766
1910
622
892
8086
2630
2928
9670
2494
2598
820
6340
5622
828
6322
9834
8510
6386
6534
9762
4344
114
1188
416
4592
3064
2162
7442
7240
3788
6252
1960
8412
8008
5508
952
5442
4856
7014
7094
7374
3544
7652
5276
4490
3102
9762
7108
2730
2504
5470
762
3520
7954
2452
886
9948
1172
5472
1230
4524
7888
490
7284
5740
1260
7092
4706
7554
4630
1688
2046
8318
5632
6920
1834
1268
3054
6470
4008
8608
1410
8718
3044
3794
948
5464
4172
7118
9008
3776
4694
7552
944
6380
384
5564
9562
1386
362
3790
7878
3838
1982
7592
6462
7124
1462
6992
7370
4180
4118
2318
7292
6612
5124
1454
1868
3974
7910
1442
1596
1884
5386
5368
6570
1504
7982
5568
8682
7158
3478
3172
3688
1246
6116
2048
7672
2158
3676
7172
54
1406
2658
7312
9632
4490
8260
6920
4610
5928
6854
4594
6334
9850
560
9422
2242
472
4230
6686
2034
5330
1480
8120
3378
1980
2796
8634
784
4470
2318
4558
3510
7888
1898
2262
2952
2938
1694
7844
2594
8136
2054
238
1818
2696
9552
6098
5810
7394
6808
2528
8570
6694
8914
7012
4714
8706
4382
8996
6204
2512
4236
4634
1128
9910
2390
3818
7578
5128
614
9506
5624
3538
1296
5832
936
786
1322
3294
2254
6212
212
8030
2928
4632
9376
2558
3988
732
8766
1540
4100
3294
7302
2332
9624
9802
76
4672
556
6330
8614
8570
4980
1364
3660
3116
1724
7838
7578
7680
9696
442
3844
6782
7666
3994
7412
5198
4396
770
8024
8966
7706
9286
834
2146
8282
3886
6634
636
9528
2472
8344
7138
3902
8012
7880
7604
9172
3996
8234
1806
254
1716
1154
324
444
3408
3566
3558
5700
22
8652
436
9094
2006
8628
8868
2404
2678
8760
8238
1144
5226
5812
6616
1642
1326
336
1596
8458
2912
7044
8340
8024
8314
6590
2720
228
3414
4328
3874
3526
4642
7242
6848
7994
6068
2188
5404
8696
7930
8126
42
5080
5294
5118
2622
4908
7894
3944
404
7718
6926
9012
640
3624
4354
8214
3456
7572
3752
1268
5300
6406
6062
7094
5718
1422
3188
6868
8300
1202
9898
9992
2020
9626
1220
6642
1548
1538
3852
2504
5696
5918
1220
4652
8364
1270
28
2398
2138
894
7670
9272
878
1994
1684
3150
460
1300
1294
6812
1496
2944
4070
174
6866
6834
1550
6464
5150
6232
2246
9912
4158
9648
6422
9272
190
2352
346
2098
592
5814
4652
6924
7724
8494
4950
1706
9786
9228
1246
7742
4744
8980
776
2490
1412
556
6228
3918
8278
5554
9086
398
1752
9002
9752
6694
436
2530
2126
1512
2022
2550
6948
1980
4720
3246
3786
4048
9092
678
9778
6770
4710
3466
5946
2422
3232
1006
8050
5678
8336
6498
8940
7090
6556
8488
5254
5216
290
7378
3144
8676
486
8238
2500
2984
9614
6130
5352
5034
7138
9708
2998
7800
4444
5192
4162
8584
9870
2702
2500
616
1664
4836
9534
7554
8678
5898
2088
4474
9398
6054
8914
4056
5350
8076
2438
358
7506
2198
4932
1448
986
6600
3918
1338
9856
9796
6768
5054
8506
9794
38
8726
6500
8176
4210
3648
3062
6728
5014
7842
1910
7916
2038
5894
3524
972
1950
9286
2778
8326
286
2240
9466
226
4542
9730
1412
7524
3484
846
4200
5192
4156
5858
5108
6142
1708
3968
9096
6880
5280
2302
8240
7358
8062
644
6562
5940
2648
8918
4548
9978
4008
1420
3372
8710
8614
5676
2622
1502
8130
2898
8470
6340
3106
5580
4482
1772
1728
9024
66
1314
980
2272
852
8260
5514
5590
5320
3502
1760
8734
4542
5378
566
968
9892
6596
7650
3788
5056
1442
7442
6440
5060
3284
8748
3610
1016
5582
5746
3242
634
5138
6192
3466
1642
4292
218
1944
6260
2472
9276
1158
1506
1206
5028
6004
2146
9154
9650
1026
406
4796
1324
9794
1902
9790
2642
8730
9362
8316
3796
3102
9426
4594
4896
5194
8622
3866
6884
4346
834
190
5168
6754
2130
3818
184
7840
1618
2152
9862
5146
4908
7814
8964
5430
1212
618
8614
680
1066
7298
8834
7612
9068
2716
3166
176
6646
416
1598
6322
3510
2198
7998
6860
72
1916
9486
3954
1900
1000
3080
4920
5258
7588
1156
4880
9682
170
3850
4076
5260
7208
3146
7608
1568
200
742
1106
8218
1698
6794
308
6134
2344
6642
5956
9556
5634
680
2098
280
150
482
9976
6658
5448
8982
4062
5632
2834
1564
722
8782
7220
4232
5416
6702
486
1548
8684
6654
338
1724
3578
5256
3202
312
3476
9196
5024
2188
246
184
6102
8872
6860
8344
4442
9998
3206
1284
40
9388
918
3676
5770
778
2074
8382
1786
374
2390
1736
936
5714
6086
980
8346
2016
522
2086
9920
7066
1012
7246
1540
2122
7548
9360
9592
3392
2258
884
9736
7776
500
9516
968
704
8438
3496
1086
1666
1676
2034
5868
9250
3080
3180
2526
2518
4146
8422
8314
1840
1970
5992
9474
6566
7690
4430
6716
8632
6260
5542
1772
4664
7054
3148
2200
3682
7684
946
1448
9532
2174
3462
7074
3328
2372
7524
314
9428
9214
1496
596
3306
3860
4224
4834
1586
7794
1372
1466
520
7880
6154
1464
1418
5588
5716
4960
3358
8258
4754
6520
8100
4088
7272
7108
2436
2314
260
2020
6732
2870
844
1396
8586
512
8972
58
4096
2184
6984
7296
5506
9504
6232
4102
5562
558
6468
3988
4984
5714
3164
6256
426
2620
4232
9080
7588
1160
4826
2092
1468
5866
7810
752
4148
2590
36
524
6540
6638
1828
610
302
7420
190
4900
7624
5170
1828
3670
416
656
1858
3684
7050
8776
666
2130
1418
2756
8760
9444
5734
122
9918
1414
1176
1874
5794
2000
3916
334
5916
7138
978
194
930
6292
7254
2290
3804
7300
9980
6370
2730
5138
6454
9504
2308
6464
696
7438
8334
662
3180
1908
962
7660
7396
6812
5536
5836
1230
646
1692
354
878
3446
8984
5626
624
136
1150
7612
9382
6910
1742
84
2780
6162
6100
7570
9960
2406
1048
3856
9750
2472
6126
4746
2140
2502
5986
5334
3006
7588
1106
1166
8400
4170
4060
8246
4770
9594
7480
3062
2144
5604
3604
6468
424
1050
9174
3618
1580
1598
1666
3268
3426
8212
5170
4768
7546
788
274
838
7580
2816
4566
8218
1712
7322
810
9882
8320
9270
2358
5894
8830
2406
1458
3000
50
366
1412
6118
5254
9314
3018
120
4592
154
1506
4978
9236
1348
4816
9108
6736
3800
9030
4440
2886
8358
1136
2400
4584
3878
5272
2404
102
950
6386
7158
2738
4842
1594
4494
1034
7286
3036
8296
3060
5740
1562
382
6732
8500
5924
1850
9110
9936
7874
2084
6468
9464
9686
9224
2770
8288
260
1684
7620
8276
4342
5520
2470
3176
230
9024
2676
4838
3342
3792
5254
728
286
6550
9078
3282
5014
7086
5234
7618
8732
8352
8138
3574
6836
6200
8546
6468
582
7758
5000
7732
5530
5576
9300
1540
5750
7132
5942
3624
4084
7390
8896
736
202
8718
1484
8746
3246
4364
4100
8256
6844
766
9774
572
6198
8062
2522
748
1100
7912
9660
3948
5772
2058
5866
3926
3146
9430
7044
6764
3816
2656
2062
7302
140
8276
8526
2696
538
9338
1576
1718
6668
5312
7196
9980
4820
846
6808
6272
554
2958
2040
1528
8030
7626
9390
6956
6072
76
5518
2852
8630
1946
9194
4594
4962
8718
122
3246
6492
2196
4616
5908
1136
8432
1034
394
270
1928
1494
1302
6440
9744
7700
430
6722
3468
5882
9218
4936
4772
1764
3144
2250
3754
6824
7206
4702
1396
6576
6210
1042
4288
3124
8214
4078
8384
5010
8776
3072
7934
7856
9924
7946
5348
5944
488
4660
1390
7480
7272
5448
1814
2708
5016
2532
7044
936
1826
2824
7640
9252
7550
2354
4986
104
6782
378
2730
9916
5776
7668
6422
3486
2736
1420
5390
2314
2362
6622
5270
800
2236
5646
7166
6142
6396
7262
7152
2296
9906
84
472
5162
4
260
4330
1466
5042
9680
8794
3388
5784
336
2630
4106
1512
68
2924
9310
760
9802
2168
6612
7526
4450
1808
1656
220
6702
4810
5520
1726
9680
8492
7226
3970
284
2302
2726
5808
3964
3998
2852
6632
4956
3380
8228
1662
266
68
9512
5566
8222
2134
2238
2148
1722
6430
9844
8390
3630
4538
6242
3176
1988
9194
102
398
824
5988
8984
4180
7654
8902
4954
504
5666
58
5034
5168
6140
6576
6342
8022
1028
2004
8834
9450
9704
2566
3962
7864
7188
6394
528
8104
7458
868
7222
2082
6842
4020
5344
9252
8600
3652
6882
7406
1794
6812
8412
956
324
1156
1536
1272
4190
6420
3496
6018
3638
1224
3696
5852
172
5940
642
7178
4408
1566
5852
8552
2538
5746
7446
5258
5150
4206
6650
1480
4256
4048
2816
104
4750
8966
1074
4332
2170
138
2696
4982
6054
732
3930
5090
7860
7150
2568
9512
8504
8148
4172
3262
4436
9046
2600
2206
6108
8820
7796
2354
168
8900
8368
404
4668
1978
5794
130
4890
6832
9492
5504
1958
4388
3362
7028
2830
9082
5946
8344
1624
2196
5598
5184
2490
1300
2648
4728
5200
9402
5294
8946
5706
2178
2650
1872
3400
8786
916
7038
3760
1682
5190
6652
6428
6462
1264
3162
9422
2234
5320
3180
36
1600
4438
9990
114
3336
8736
5420
9266
6526
2816
7954
7946
7372
5370
2152
4154
3286
8850
5858
3224
6344
7482
7520
8238
9236
80
7086
4400
2194
186
9500
2426
7120
5332
7770
9146
8992
4464
6852
5742
3506
9054
1078
9696
4082
9656
1268
9538
4592
6938
7136
1500
4600
2366
8244
4524
1446
7122
6430
8362
1876
32
1594
6126
5176
9082
7548
2908
9952
9822
140
7778
3010
7078
6558
6024
404
9552
5000
2486
370
32
374
574
5710
4024
580
988
4024
8478
9286
4142
1658
5792
9784
7278
1150
370
2892
2694
992
8198
2760
3410
1266
868
7744
9010
2518
3550
1436
944
1272
3758
7286
3674
4944
3240
4884
3282
1988
6210
7684
2590
8640
936
3246
8796
3208
1480
2044
1984
3886
6624
4378
9602
5828
7350
3368
1700
9036
3038
4440
5548
4566
7976
1222
6258
2706
5924
5690
9970
2830
1532
8478
1756
4730
9770
5852
8302
1238
6052
8716
9230
5486
2126
8596
1198
4162
7074
8710
8080
9074
9344
8816
7476
3446
6090
7234
2152
4362
3534
6874
5590
3356
8252
5792
5942
1174
1826
2272
5082
1418
90
9878
2568
774
590
1198
540
1842
7586
9430
4582
1048
4168
1990
4064
6844
4612
6924
3404
4854
3740
3992
1846
8850
3920
8604
4194
2412
3006
6724
1228
944
3118
2444
5434
1136
184
4402
3672
8578
7264
9660
438
634
340
802
2072
6306
1002
3228
9556
1440
8804
4076
2488
4014
3714
6674
8538
2838
378
8650
2106
956
5938
9460
9636
94
3156
4300
8508
310
774
3202
3750
9864
6648
44
598
6926
42
8762
5600
4404
7270
5106
5176
1140
1882
4472
9482
6714
7110
9870
8434
2760
7558
6668
7436
584
2094
392
7728
5122
1800
1222
8276
7008
9126
8564
3636
210
3264
5784
8612
4242
4920
8392
5538
4986
3706
3340
1092
7712
2498
1630
464
200
1352
5680
4
3866
8704
2890
130
7056
486
1650
7474
8628
1052
334
5392
3932
9552
8554
5886
3430
100
6328
1066
4394
3056
3270
7080
9176
894
1456
490
9532
128
4522
5166
1998
390
1114
3822
3764
1588
6202
524
6426
2660
8342
6004
998
4244
6490
1844
1882
4266
1372
3988
8122
1282
2354
2074
334
9786
2838
9116
9452
8214
6922
6130
3258
6334
7902
9924
1732
254
3614
5344
298
7452
1600
9694
312
1454
3210
142
9536
7570
2818
5112
3366
3346
1322
764
1012
3850
5834
2594
7954
7560
1026
1544
1130
2752
1008
7542
60
7396
2716
384
1444
5968
2750
7902
8902
7738
8826
8046
2426
2022
2430
10
9134
7762
8530
440
874
5284
2550
7630
5590
9522
4988
8836
8622
4706
2816
714
3164
2190
598
8384
3512
5616
3138
7000
2316
4352
2252
8656
9832
2738
944
5274
9768
4062
2296
5062
2710
6616
7880
5388
2538
2824
7162
2444
4822
5184
6934
8696
8792
1850
846
8704
6460
2156
9848
302
8886
4536
3188
310
9352
7634
8626
4816
2020
3218
1222
6032
4710
9302
5192
2134
3636
3738
6116
1686
8542
5322
5574
7812
2230
734
1700
2346
6898
8592
2372
3214
3846
1666
9984
2160
4488
7104
960
1992
4868
1346
6104
3280
6236
1834
5822
4828
8394
288
6026
7720
6432
1754
9696
1598
2820
1122
8920
1368
5062
8966
1524
5252
7954
9236
5290
6158
2462
5200
2546
4142
930
9132
6142
6100
1634
9030
6834
7666
7524
8466
1992
562
9072
8908
8464
8126
9398
4418
4644
8600
4538
156
6912
1294
9948
6588
9130
4970
4848
5556
548
4016
5860
5654
7800
8842
7702
7428
838
6782
566
9216
5730
5242
804
4440
9206
7850
9974
140
2630
3816
4486
4042
2212
5064
8828
6566
8832
8236
9584
1788
9720
3084
86
320
1908
2294
3216
8438
6346
1184
2538
9222
7484
6060
8498
5906
884
924
1350
4410
4734
4486
1158
840
9314
5848
6514
8828
4516
3210
7246
6886
6574
1480
7136
3062
4500
9828
102
9700
940
9982
1384
2736
6150
1570
6876
9558
7844
1320
7858
4150
1876
604
7982
480
7720
3208
510
1700
2426
9468
6238
704
710
4302
2542
7428
5766
1132
9684
6142
2356
2134
9356
1428
4414
2918
7610
9446
904
3536
4334
1806
4722
9322
6646
1518
6636
5676
578
8836
7228
206
980
2510
7268
6978
2342
268
9942
5066
8656
7322
618
2138
8284
6550
4036
5136
6728
3698
3172
7126
5604
5234
5424
8632
1566
4420
1852
8742
5316
564
1522
8340
7240
532
9588
7066
782
1366
8462
5456
5220
8948
6350
9300
486
6120
4546
1434
9298
8100
9248
8052
8806
6332
728
144
6768
3140
7400
6924
844
434
1262
8938
1472
1958
3324
9054
8442
7328
1824
1882
7100
4598
5492
1654
3994
2114
4248
3672
3378
806
3442
1090
4084
7520
746
574
392
6606
5466
1798
2894
7016
2810
7974
7162
8016
7826
5370
4196
4038
1702
6550
2730
3570
3960
3304
8562
2652
6562
9456
5640
8970
4614
2540
4024
6850
5372
7724
8982
498
2146
150
3532
7444
1952
9150
9696
2678
1434
4400
246
3676
1846
6100
6232
8942
6010
2298
1568
2582
9324
3660
5730
6146
768
5928
7924
850
5782
5412
5418
2426
3834
760
4388
9952
1912
922
2426
4010
4406
8528
7542
2172
3252
2734
1936
9528
808
2028
4288
952
8160
4838
1128
806
5006
5636
1342
9484
5138
9804
6584
9452
8854
2230
4712
6510
8816
3064
1886
1742
3086
8172
102
9142
3526
8988
732
1110
1728
4952
6258
9374
3874
1720
6916
7896
990
9198
7402
2506
3278
8622
9160
8604
6168
3062
7584
2840
2126
1860
2884
4558
7194
3420
4758
3726
3240
190
7902
4346
5674
4522
4606
9570
3800
288
422
584
5786
800
8594
9414
3254
2408
9848
2600
8328
7508
1272
7000
6218
694
5090
1672
6220
1736
8126
8062
7238
8222
9648
826
798
9040
4550
692
1432
6100
2846
526
9908
644
7746
1738
3426
1220
196
9408
7650
6728
6928
1314
1714
3290
4256
8362
7902
232
6732
2136
7458
9602
774
1034
420
6534
884
8224
4942
5846
6826
3774
8520
310
6360
2328
4254
5282
1112
382
3778
4372
714
6066
5798
6678
4306
1230
4618
9040
1906
9982
2548
5602
40
2168
7046
1968
5562
7526
1000
450
4186
1258
3218
2276
1216
5038
2212
2662
6592
4192
5172
3146
6164
1782
7214
2296
9222
5526
696
1494
4478
1474
9098
510
242
9832
7012
3548
1504
2270
3638
338
1120
4016
3064
6318
8118
4738
8298
412
644
2152
2000
1042
7092
3838
1624
8278
1852
2016
8002
6590
3030
5988
9922
2488
3478
476
7328
5864
1212
9648
4170
2620
3840
7832
2562
906
1340
952
1006
2626
2990
3612
654
7442
748
3408
6328
2052
9788
1888
2516
1936
6914
7786
4950
7206
4178
9964
3530
1708
9426
3628
9024
8092
7704
5548
1808
7252
6906
48
8506
8536
300
6282
6414
3792
8042
658
608
6638
638
2680
6442
7832
1628
2264
2256
1414
7758
7976
8082
294
8698
5222
930
694
352
814
2676
2140
1100
1684
610
9360
6396
422
3972
6914
9464
7432
2174
3884
8450
6980
8828
1598
7768
3360
3094
2810
9508
192
922
3928
648
5226
2524
4856
6002
2970
1864
6288
6980
4210
5346
306
6818
6984
5362
8800
3710
796
1368
856
8104
6756
3796
498
5644
5070
4706
66
790
3504
4428
4448
9128
2998
9782
7804
6676
4266
4264
5816
2534
3778
2582
2704
3936
394
4442
7536
8446
2306
4512
2134
7584
468
6792
7620
6496
9666
7692
7640
3936
1496
5466
5788
5120
1560
2094
9342
8572
128
6620
6066
2750
466
4026
3954
9784
1406
6546
166
1154
9978
1262
1374
9076
6976
9082
724
1348
184
2250
9064
9030
1292
6270
7348
2224
2826
3728
4056
5424
8808
8188
2166
8112
6092
3076
3206
7690
8810
1218
2432
1128
764
3844
1174
1858
3934
5492
1662
892
4694
4086
3930
4336
1242
8828
2560
4058
1068
3438
8002
324
5304
164
2840
1160
8828
2570
8582
1828
2644
8994
9024
3562
8202
4206
3102
2594
3918
9846
7042
2070
7890
2776
1836
6140
1392
2174
40
4478
396
9008
4196
1828
7574
1070
7468
832
5048
9158
4654
2384
5512
5606
5468
1930
3528
9048
8444
2154
1606
4710
6472
2972
1440
5352
882
3226
1352
6748
976
6866
5858
1994
3718
1220
1858
910
8678
9146
9320
6748
896
7710
54
8026
440
4566
3376
3124
5470
3720
8114
3288
7934
6344
8874
8850
6134
5422
58
5956
5250
9464
3164
9500
9398
1466
4338
7994
6758
3672
4116
5200
2502
462
7996
8678
9198
8644
4720
2474
5116
224
4322
8598
1754
6982
388
1116
8912
9596
9366
7932
9266
5412
4390
1808
8958
228
4408
7944
5036
2066
8232
678
7050
402
238
1222
1436
1066
6618
8322
6812
598
5356
2378
6416
5884
4108
9726
3042
8404
7190
7724
1274
7788
7224
8612
384
2464
2178
204
9802
1138
1504
740
4100
8104
118
1914
2408
8236
568
7206
5472
3978
6846
3506
7634
5312
2870
18
5544
2278
760
814
6340
1650
8876
9816
438
556
1430
8864
58
8530
1368
2634
3436
9276
9004
5446
7324
2638
5276
2542
9078
7960
2726
8126
9708
4190
5848
3936
884
5720
314
7728
1710
8434
1392
4474
7888
3966
566
1954
8654
4856
7202
1926
6764
3612
8772
3486
4002
2386
2390
6220
1120
8628
9296
8462
3644
6614
7966
2748
5954
2526
806
498
2198
1620
7374
5344
4510
5230
3266
8470
5472
4172
8502
1232
7294
1832
5868
138
3600
926
2960
9560
78
4392
6888
5054
6438
7634
392
1184
4814
2976
8596
3172
8836
9468
1376
1164
7274
3650
3834
584
5396
2046
3128
2794
3772
1986
2496
2208
8602
1774
9128
3560
334
6928
4140
5386
1200
7694
7792
974
1904
166
870
3578
3568
9996
3000
1882
7884
5046
1968
8848
992
1790
6068
1976
7576
1678
5644
6706
4924
1052
3876
3024
2678
48
298
2856
2920
4666
5728
5468
5118
5606
360
3914
1814
4970
1502
632
6388
586
9654
1074
4618
5694
1138
372
7148
7102
6634
9764
2742
3118
5708
2076
214
8954
8668
4686
2556
8228
7956
2572
8102
6730
3850
1564
8590
6560
5506
7376
2712
160
7398
2416
7124
5542
874
2106
8796
8388
926
8304
32
2278
2840
9530
2586
772
2000
3940
9616
1448
3632
4708
6140
7142
1144
9556
7906
1290
5356
9208
4728
926
2210
4612
6412
4986
504
870
5938
7402
7092
6920
1348
1406
7050
342
9324
7972
9412
6656
9648
372
7762
796
6424
9502
4540
3966
5718
5282
1586
4432
9808
7090
5536
3628
96
2756
450
8886
9756
2416
4610
6020
5742
54
9410
3816
8252
8752
8732
1344
4780
8302
3992
980
8452
7782
2414
5828
1426
4800
5962
6436
3356
4542
7278
8374
4594
5032
672
7254
2624
4400
8114
6282
7304
90
1934
5810
9956
626
5806
2066
2870
2182
2086
5066
7830
4414
7630
6734
9662
2144
7500
1916
4348
448
9742
1082
2720
2404
2106
2490
3470
4168
9346
3318
6546
9096
1926
6256
4028
4814
2342
1398
3366
3904
5992
6844
6016
880
3164
4018
6218
8808
9870
58
8836
7090
3922
1494
8044
5022
2428
5900
2086
3218
9028
9712
2686
5404
2944
5210
2644
6686
7694
7104
2044
9276
6112
4622
5204
4286
9724
5808
5470
7118
1382
1624
2716
9088
1466
2250
2622
5994
1946
2066
4684
9968
8704
6694
2416
5250
1668
9814
4818
7726
9962
5188
3518
7502
2072
3274
2626
7236
5476
1244
918
9948
470
1380
3254
3750
666
254
7532
4498
2028
7972
6100
7492
2238
4640
4958
2224
7414
7996
4222
7126
6492
6128
7402
4020
4620
2200
5636
7214
9916
8136
4422
756
5688
264
1116
4882
4414
1524
9202
9290
980
8456
4902
5700
6674
2008
7630
1588
112
4498
188
7614
8986
9610
1660
2832
8190
1322
4118
6030
8934
8108
5240
5882
2470
4410
6394
5250
6686
5708
8728
9914
2630
1226
294
3376
3706
3574
728
9484
5622
5820
1902
3332
464
6956
754
8984
7492
6892
4028
7154
8062
4252
2492
7782
1302
7726
7012
5666
5018
1050
1668
5722
2456
4712
6222
38
8570
2808
3536
8600
1216
4050
9094
34
3260
864
5090
1860
480
5870
3818
9664
8178
1184
9130
6298
4758
1888
4606
1992
2664
8804
6848
8494
1426
1376
8250
2892
968
5364
3462
2520
8514
3286
9538
2772
7558
46
3466
354
2292
6270
1810
3498
828
6740
2062
4374
1104
9060
8876
56
6414
4222
2210
8910
4946
384
7754
2288
5458
1338
8008
192
1108
6942
3812
8704
7036
6300
5668
1870
4772
5448
9896
7422
154
2392
4828
2996
492
9962
6828
3282
8146
5706
9170
8468
42
