9659
2083
6119
1539
2705
2387
2307
6271
9073
6925
3291
3987
6513
5575
8637
9931
4627
6945
6309
7377
4967
1841
8757
9955
4085
3549
5007
5351
4371
5891
7447
2649
9265
8943
9041
107
289
1843
2191
2317
779
2663
7645
6869
4665
2053
6901
7939
6419
4735
4649
3729
4311
3789
7617
601
9515
5845
1009
6225
2703
2799
1557
5201
7449
9315
9797
581
6619
3459
799
4799
8539
3623
473
7959
8191
6203
4273
2635
9157
2889
6039
2293
4485
9669
7349
4597
1021
9375
837
4351
3603
1549
7625
7411
8763
901
9169
4183
5003
7089
933
9833
1427
4689
2369
9977
2155
9513
3435
8693
1719
8061
5997
9867
6283
4489
5735
8115
5787
1317
8287
417
1833
809
913
7983
3647
9559
3197
4145
223
451
7757
6293
25
6155
3187
9511
2045
467
7959
203
4019
2169
8023
4475
2511
2601
713
7519
8071
2669
2271
3103
8481
7193
4803
7433
8493
143
1287
7223
9973
8361
7901
3065
1925
9171
4271
975
8897
5761
1625
1695
6577
6303
2659
4679
1019
8465
5485
3153
2801
2467
3695
141
2551
4373
5875
9335
5825
9315
7165
2759
7087
7883
4475
9577
4963
6903
8521
1929
4597
6203
8117
8261
1265
5031
327
2171
189
4925
9791
1521
8663
4941
8959
7579
901
2761
2325
5109
2851
7385
6541
8705
6073
2357
2429
4461
6059
1201
1627
3217
557
8527
113
3023
2897
8697
9351
2297
8933
6655
9735
3585
6963
9011
1927
1061
4415
7893
8477
2143
2939
3755
2849
3851
7399
1935
1627
7871
177
5557
6535
2735
2533
1463
3143
1753
2679
425
41
73
611
2819
8297
41
6489
5991
9315
2045
6741
1259
1193
9293
609
5265
9091
8113
4933
301
9175
1241
3993
2671
3393
6429
8787
4085
5825
9557
2605
4971
5499
2165
8241
9011
9233
1819
6705
5543
5707
751
3649
3585
7865
8679
7547
8713
1099
1423
8541
5945
5263
4473
1133
7871
8319
5509
549
6963
1601
2089
2061
609
1343
1589
4147
889
9955
1759
29
749
5621
1431
2227
7039
5749
1225
4537
4945
4767
2727
3319
691
3343
7965
8585
9497
1949
1197
6143
4607
427
5073
2405
4737
6037
815
9813
627
8571
483
839
3937
6653
8257
5995
9691
4187
1417
3453
7263
4009
1635
5663
1651
8231
7153
1125
149
4257
6635
3677
5265
4051
6859
1319
1081
9201
4029
1283
4949
5403
2221
675
4903
5455
9009
2393
6505
5939
2723
6411
6699
2509
6235
59
6265
213
8331
1955
8083
9289
4485
711
8381
4775
4701
3879
789
5899
7111
9957
8133
9
29
5791
4779
5185
6973
8651
2599
9677
117
81
4687
1529
2169
6817
8827
7865
1663
6065
5687
1341
9965
4807
1763
7125
5603
9319
2269
7903
4115
6631
1137
1013
9153
9997
4709
3713
249
1055
2291
3557
4085
9705
4723
7959
115
7919
867
8239
1197
8487
2499
1053
8393
1147
2023
2159
4099
7831
4601
9293
6603
9459
541
3883
449
8353
7279
7463
8667
7727
7517
1975
6817
5829
4231
1419
9561
941
4521
5163
6399
1755
6947
8715
3147
793
659
8639
2571
3235
529
1189
2337
8763
8351
6337
1279
7637
8165
715
911
331
569
5609
9971
8665
8195
8653
3827
9877
7573
8397
9175
4641
9153
5
525
6217
8963
301
6075
1173
7969
8511
9427
6269
911
775
423
7359
9167
1065
1451
4461
6973
475
4903
1365
875
5765
6123
755
1673
1013
7951
7595
9763
5913
3429
5205
6435
6807
959
8701
8167
9487
1909
975
557
8533
2377
6223
6949
7693
4409
2183
3857
9491
9221
4777
2019
7983
7535
2197
6829
1069
2669
6487
4325
7613
9509
1409
239
9427
1193
1455
3651
5473
8635
8443
2831
973
5129
8851
6591
4365
703
5771
1059
8183
1311
2043
9861
2259
2743
1287
8435
7129
4473
8611
2529
1671
939
8615
2751
8459
8599
719
279
7587
1387
2757
8929
6049
3331
8361
7927
4183
3553
1983
1893
9353
7329
1245
1795
7433
7209
3265
9253
6609
9811
4475
7201
9855
9991
2579
7781
3341
2545
7493
5539
8253
649
9813
6101
6767
3841
1541
1841
5835
1561
1579
1621
3211
3393
3579
6583
9791
1277
3827
9493
7009
381
9073
2925
5371
2075
4197
3723
209
3717
9933
4955
397
2863
5453
2891
1057
137
4681
9199
7033
905
7241
2585
7007
8883
1759
8671
5461
5679
9917
7297
5059
179
4677
2679
2751
169
7515
6173
3609
1785
419
6447
2145
987
9917
5875
6749
8923
8147
2913
641
9465
181
8395
2579
4751
171
4141
6879
1079
8163
1227
8897
7433
1811
4883
8523
6539
7283
2215
2277
9647
4209
8487
7667
423
1349
7297
8753
2107
7125
8319
9083
4861
9615
2029
6923
3233
9927
8681
8889
2075
4999
6451
5679
1551
8275
5717
7173
3477
2113
6891
2373
9321
9659
6579
7207
2207
6949
33
8111
3695
1021
3397
8167
1775
1377
6627
3685
5929
7907
9169
8979
4487
4391
8119
711
2421
3581
319
3445
8075
4361
269
7153
407
7605
9023
7769
5001
543
3187
7985
4789
6585
7483
3965
3657
8107
4873
6081
7081
969
8769
7217
4869
5085
2105
1875
7721
8977
5681
7937
9157
7833
5603
4809
7041
1081
1963
1203
509
81
2077
5341
1837
1563
475
8547
7741
8881
3401
1073
9059
441
9397
8137
2013
7169
8763
4513
7923
6019
9249
9715
7651
3291
7369
743
3589
2641
667
1389
39
5815
1421
7043
2245
2719
8865
653
471
4327
1595
6541
3991
4711
2589
3277
3653
4979
8471
7197
3263
5007
237
6053
2999
4845
8839
4219
9265
1029
7605
3491
7373
3135
4963
4791
5023
1813
8611
8739
1609
9883
3823
2655
3693
4605
3155
2291
145
1339
8617
7339
5751
8847
9131
595
1909
3225
1631
6735
7373
1921
4475
8383
8185
7607
1057
4685
433
8029
4119
6061
2137
3433
557
8075
1185
477
6791
2975
6291
3073
4581
837
1491
3999
2469
4177
2331
8979
2703
503
8347
1401
2817
4835
4829
3839
5723
5827
6261
1383
9411
9127
2567
6361
723
3875
8589
6039
543
7227
503
9459
8637
1571
49
3163
1691
8045
557
3389
7451
7955
8301
2079
4643
6273
9963
4751
723
491
339
8991
2353
9659
3259
8009
4423
5569
3
8991
4043
179
3189
4965
4381
2195
6743
5303
8457
1725
79
2089
1553
5155
3731
2245
2075
4119
845
8471
9553
8103
4399
7353
9851
5835
7241
7023
9493
1089
4523
499
9463
7505
2349
6799
5221
9179
9877
7617
8581
5711
2687
8889
9023
9771
9421
8263
8903
1663
3029
9131
8631
3153
8491
5429
5237
6611
9865
9173
6933
8783
275
2631
6841
9663
8291
6641
5567
6841
387
8891
2505
7541
8829
2119
3761
4399
1623
615
8597
7099
531
701
2139
8059
9251
3699
1893
7201
727
3035
3759
5753
6761
8793
3691
7499
4669
3695
5599
5249
8155
5437
6705
817
4435
8685
309
793
49
3931
6091
9815
1605
507
6475
5159
9859
41
9365
3819
9867
549
1477
539
7671
539
7747
9987
1251
3391
8687
8129
4677
2571
6841
6413
5503
6425
863
67
27
779
2521
1261
6335
3337
5975
9311
2081
7283
8719
4713
4999
357
7591
5135
8693
7163
5859
4273
2073
1863
3395
947
6479
9609
3543
9079
135
737
1139
7479
8383
1427
1239
2481
685
8449
6003
8863
1285
4017
7701
7669
7059
2945
8073
2537
1799
325
6225
2449
3453
701
5265
5039
2275
6725
6647
4429
3025
9401
4879
9413
7735
543
5191
9835
4791
705
3785
5085
6863
2171
8109
4255
1377
9103
6367
6069
2291
4319
2557
5809
4985
2601
2439
425
2019
2087
7999
1989
2555
5021
8075
105
9003
3643
6799
7057
3947
687
4805
7261
8843
143
7709
9579
1621
5935
8739
7585
6125
3371
5013
1791
413
4959
8473
5403
2677
1529
6267
1061
2571
8393
9473
7893
533
657
6815
1479
4633
833
3873
655
6767
6633
9757
1515
4361
8039
8161
8523
667
43
2357
3155
5453
3389
5387
7471
7761
1099
5777
6321
4315
6739
467
9843
9723
4217
1377
8631
6261
621
1335
6627
5315
665
2213
3001
5477
1101
8867
9155
8965
6793
4263
2947
4505
5145
1435
8273
5319
4347
4075
6465
3833
6293
8499
7331
8401
9915
7029
5937
6817
1431
8311
6239
2765
1867
5231
8403
581
2741
2531
4593
309
3889
8441
8389
9745
8719
6611
1605
6587
999
1459
831
1397
6301
2717
6161
4273
4855
147
2055
2295
429
2271
6367
2689
807
6879
2507
2163
8983
2209
2861
7541
7267
6135
6539
6467
1095
8141
5175
2259
7531
1293
3493
2513
5791
4321
8183
8841
1745
8787
4963
6293
4215
6121
5629
7763
1769
1049
6625
7955
6947
9665
3195
143
2341
1863
8241
1711
5297
6431
3155
1477
6559
8401
5101
2495
6529
6881
1755
7923
7987
8041
8935
3641
7453
9271
5053
7263
313
2797
4465
9557
4249
9045
3333
7183
5451
171
4249
8835
1739
4067
5027
9051
1005
1089
8855
2629
667
7919
3293
3403
9449
2873
3381
1001
2909
4509
7257
4829
7611
3203
5949
1841
3995
969
6901
8033
349
9911
6257
9479
3685
7861
2307
9769
8983
873
8943
1035
323
1999
3583
8095
3225
2687
1147
5225
6485
8957
9579
2851
1017
1007
8805
8369
699
6301
8043
541
8397
4619
2313
7847
2095
1087
1523
2473
1897
3455
991
8871
5647
4451
6359
2595
4641
4861
2535
7693
4029
9979
3001
6825
2037
655
6445
2893
2851
749
6887
239
3905
1729
2057
5847
2445
2913
8167
3329
827
1347
1263
6297
1245
721
7919
985
8175
7585
9769
1769
7105
4943
5033
4291
6815
7015
3587
7253
6585
1919
3169
425
8149
6249
383
485
9105
1015
1991
6799
8893
9219
9315
3775
6509
3089
3253
1921
5239
9075
5259
4123
8239
4983
2369
1157
8707
907
1551
7119
3407
4511
1837
107
4579
4515
8625
7845
5881
4891
6281
6189
1699
9469
4287
103
8411
3491
759
8357
7205
5837
7673
671
3977
7917
5073
2653
7297
1839
5329
6717
123
3113
1951
7297
4589
6759
2903
2827
1057
1545
2629
4063
5129
427
1281
7957
1955
8685
7407
6017
4109
2587
5191
1861
2483
7755
5001
131
2009
941
1311
2489
793
2613
8683
305
8455
1865
6601
3389
7887
7133
5907
1927
259
3235
7641
9693
9257
5821
3811
5013
135
2775
2735
5625
2287
8879
1685
8823
6505
7793
625
6985
713
4161
85
1123
463
9237
4007
1899
8291
5339
4829
4429
7343
8997
5507
743
593
1085
9751
1823
7733
5493
1037
5619
5713
7897
131
9035
9091
6207
1345
667
2737
5417
845
6201
4591
6287
9855
3925
5537
1981
5385
471
717
4009
7
5669
7119
6041
6365
1505
251
701
6205
7937
329
3257
9089
507
2671
2675
2679
8991
997
859
9833
8267
8247
8235
9403
1463
907
351
8315
3427
7777
5823
4587
5677
5813
8291
4313
6039
2571
8201
8181
1857
145
3165
7453
9291
9809
2285
6035
6337
1437
1359
8643
2619
1239
4203
4799
8505
2517
5033
8489
4817
6141
383
1767
9575
3185
3013
7039
4365
8523
417
1053
139
3311
8223
7225
7715
7835
6805
6649
8873
9975
2669
9369
9253
2975
8957
847
6967
5525
8019
5297
9335
2241
8145
3701
2017
7065
4625
2019
7667
1503
3153
6047
1185
351
4347
8327
4337
8971
5533
5693
7777
3211
5897
8857
7633
2047
1877
9177
4147
9985
3761
37
5585
1937
6807
8083
6051
2535
7351
3853
5611
6389
3117
9067
9183
6755
7039
5639
281
391
2633
4697
7421
9983
6451
8319
9555
1477
8253
601
791
5291
4551
1709
1969
1711
8969
947
8511
3763
4465
3159
8043
4465
3195
271
2585
3541
5947
2107
1207
2201
4697
1303
3449
6355
8381
7593
8653
4123
659
7989
1321
4121
6985
2037
4913
1109
5707
8027
125
6845
4209
4547
129
2885
7775
3505
737
1955
931
253
4871
2489
6073
1755
9905
3339
4169
1715
515
261
4991
8939
7481
5243
9439
6071
4619
991
8673
503
1303
4899
6929
8087
2177
9523
699
9943
6465
3241
7169
8131
2845
3319
9657
2513
4859
1467
685
2703
1507
1277
143
5489
6851
8251
6313
271
8849
7893
4799
6785
8259
2833
8173
4017
4463
1521
5795
8687
2223
8407
8299
8517
3977
6031
5021
9147
787
3481
523
7443
9261
4753
649
6097
2187
6793
7237
4199
9279
6387
1497
7689
6637
1983
6703
2573
8565
3203
977
1081
1655
1921
2371
511
3961
7299
4377
5791
273
1257
5087
8457
3567
9199
4187
8365
2627
3543
2137
2815
1361
341
8909
631
8839
3763
4309
8707
3339
9753
8013
1155
6089
1067
6509
2709
8169
8171
5989
967
2515
3573
1971
5967
2265
9935
1103
2407
2497
4853
7371
6127
6127
5445
2493
7553
8597
7591
1029
457
6075
7579
1275
3317
5723
5025
469
6659
5723
5039
8175
4301
2233
1481
5591
7409
2859
2703
5687
3657
5029
4121
1321
7183
3093
3333
9095
1075
7359
9715
7265
1365
4391
6747
9819
4719
2881
4721
9949
6129
5793
2127
5809
3767
3221
7519
3361
135
9157
7525
9695
7977
2295
1479
6209
5457
1315
4845
1703
9373
2515
379
5437
3645
7417
8187
4091
887
9407
6279
2937
3445
3851
9617
63
5657
1057
1985
7443
3397
4873
8583
8027
5417
203
4553
6825
3555
2845
4525
8423
2061
8075
2383
7289
4617
2989
9
9073
877
923
2255
1989
7913
1091
2323
7603
2903
817
2439
9735
655
2973
8135
4349
5519
3145
5227
2275
6721
1027
4197
629
2973
3593
6159
4957
3533
3717
4527
3121
9725
3297
4621
575
539
6589
8105
665
6407
4853
8725
7843
7329
147
3591
7005
2943
9103
533
693
7313
7805
5291
2629
7441
1779
2149
8457
7581
1229
4699
7211
9445
3473
6577
3209
1623
8537
733
1065
5639
2483
7509
5033
3979
3439
3897
4519
7363
745
2639
9191
2187
1227
559
1769
1301
7005
6519
9473
6227
6065
2001
6153
7729
6225
669
787
9313
735
9563
1571
453
2159
6261
5231
4567
5397
1755
8961
4751
2065
2089
9943
4641
3021
1627
3831
1887
1985
5951
337
2335
1271
8593
9095
455
9161
1135
73
4855
3577
6563
9389
6891
1181
5617
9075
9847
7953
7859
1677
531
2051
3555
5269
1099
2793
2021
6183
3917
7433
2719
7781
2343
407
71
3759
5719
8253
7687
6679
8429
5961
2365
7627
7097
8939
5317
8367
97
5585
6851
8607
5443
1589
5607
1159
3401
921
8367
5759
6939
6041
9769
9989
2947
2191
4197
5471
9357
9299
6345
8901
3233
5795
4059
7159
1655
2427
5285
4537
9671
3371
1349
581
9959
7439
9737
7529
1
2635
917
9241
343
1045
6425
2025
4727
6171
4469
2071
31
3115
5757
7741
8125
2359
1459
2981
1325
8753
8393
7377
8065
4001
5413
2991
3871
4581
8645
9869
107
1593
7367
6437
3827
9683
85
7447
1053
7213
1111
1257
2671
6251
667
5875
1149
5537
1859
17
5775
8839
4989
1175
901
4025
2083
583
3935
7591
5929
5865
9425
1301
5377
6009
1853
5159
7439
5375
4821
1157
9767
433
7223
1885
6491
3129
395
3149
2619
2531
4193
8055
9649
8491
1707
1745
795
9789
5051
3017
8617
9081
5843
9027
2167
2783
7783
1871
7007
5921
3593
1425
8231
1829
7323
6953
5413
3593
4203
8659
5203
4639
8091
5059
4027
2531
1559
389
145
8721
6431
2795
8623
1737
8101
3903
5675
5189
1961
9783
6755
2453
1789
1669
2281
3199
8585
543
9847
6861
6891
3889
2047
6191
4079
7625
171
6049
6351
217
8495
6039
9727
8673
5863
8353
1129
3363
5637
6449
3143
2345
2183
4821
5265
5823
3633
8667
2141
4987
4083
4771
5873
8433
2151
2129
1811
8121
3597
5005
8515
3211
9553
5971
667
6383
1831
6345
7907
7373
6759
8711
285
3453
15
1897
8051
6983
2461
885
1275
8269
8061
7017
7551
7825
4993
49
9141
8257
271
4837
4383
8761
7535
4125
7771
1165
2489
8325
841
2433
6029
3725
7301
2291
7049
4405
4849
2049
3955
7363
3455
9677
2515
689
785
6117
467
181
857
1659
2667
9053
5137
1529
7583
1473
6367
2921
9385
4521
21
3473
825
1933
2281
2733
6595
1097
6959
7005
161
5813
1795
5611
3241
2911
5283
6359
7179
5239
3559
6573
7465
5757
6923
1261
5235
5353
9299
7319
5085
5695
5843
6501
7899
5761
4063
4145
1211
4949
4933
4649
4011
6689
651
5305
4813
885
8135
2733
8195
1229
2179
6929
4527
8939
3163
4497
5801
2829
9927
869
5691
6967
6749
6743
2377
8053
8769
1157
3179
7971
4279
7587
1959
8753
7973
7055
239
5657
4209
6543
789
2175
1055
9855
3327
5013
6115
9213
77
5733
7493
2693
6613
5837
9675
5647
8497
953
483
477
8225
8103
5033
1555
2603
7633
5313
133
8351
9205
2591
4653
9655
9669
5723
229
529
4751
8885
9075
9261
4547
5851
9185
3775
1351
9547
7819
1847
3459
9595
3283
8593
6617
2337
9371
7645
2747
9483
9513
9019
3587
5761
5255
421
8247
3503
6763
2323
1269
2703
3849
5153
1375
2701
1793
6273
2201
2763
8639
4215
6283
2715
9985
2651
8609
5517
7889
6897
9815
1503
5971
4387
1889
5399
7599
9663
9671
5095
6873
9619
3371
3991
4719
3193
3819
9557
2723
8067
3133
523
9729
3911
1693
9125
555
2539
8945
2339
3641
6341
7967
8149
3111
2575
541
1577
3931
8049
1907
8885
5817
6659
2605
5455
1279
9349
1827
5995
569
2365
8011
5423
7273
3081
5307
1539
7605
1591
2213
3777
2663
1621
843
6101
5129
8829
9467
1487
7965
6147
1487
1621
2643
9495
4247
351
6115
2833
3233
2313
1505
955
1913
4249
3955
1231
7769
3413
9719
3941
1473
9687
8721
653
5925
2277
607
3317
1891
2793
1521
9607
4703
6163
1783
9283
5343
871
9073
2181
4197
5175
1155
4737
883
5677
7685
4259
1789
5063
225
9663
7683
1575
7719
7561
3605
8267
5287
5473
5595
4605
469
1185
8605
599
9077
2685
4569
7533
7447
1475
397
2511
7149
6867
4021
5949
9229
4997
4067
1015
9617
2965
2491
7055
9057
7537
6863
2889
1561
5521
6785
9607
383
449
8733
1463
1961
693
4741
393
2487
577
6113
2271
2879
2509
6499
1365
3339
9557
417
5291
4515
6275
13
237
6545
4829
9741
8723
2135
9369
4541
4459
107
1771
5435
3291
367
1849
283
1239
6431
8665
2489
6195
9765
2281
5359
7049
4979
8171
2453
7731
433
1367
527
6447
9291
3937
8183
3915
1417
2705
6767
3455
8441
9277
4335
3245
2427
345
2325
8075
3593
9715
5457
1239
5847
5727
2283
2991
4057
4513
269
4697
1417
3845
4291
807
6031
7667
143
7951
13
3197
4337
2659
8371
1577
7831
8515
3337
5713
4989
1033
1875
7729
3125
6321
9869
5941
4671
3389
9715
2303
701
7555
1749
529
9281
8443
5291
17
1731
9859
5099
1027
6795
563
5495
2859
2573
4641
7553
6423
5045
5937
8757
6535
2323
9155
8047
6861
445
3263
2003
4275
5761
7611
5389
5043
8799
4727
9285
4573
4929
1581
1177
8203
679
5751
631
7407
1653
9965
489
2711
8189
321
441
4089
9525
5819
7303
489
121
6587
5855
5317
4723
9755
5755
6223
5567
6501
2575
6603
3487
3227
1517
851
1553
683
7265
9355
9859
4509
6711
4973
2491
6587
107
2663
519
185
103
8805
505
1565
1545
5371
89
6973
3341
5877
5649
7501
3785
1815
217
6333
7997
913
2253
9181
7451
4563
2607
6835
3213
7445
4443
8665
9007
6503
1229
945
2179
7659
5385
4639
7739
3221
1071
737
9851
9413
5447
9205
7753
1245
3005
2317
133
2931
747
5533
6995
5561
571
445
2335
1881
2081
2059
4165
3291
6053
8035
4361
4421
6847
9783
5031
4073
3501
2051
1611
8065
2719
2299
2979
971
9953
379
2865
1143
8647
9051
769
769
8365
2607
2445
7469
1073
839
3201
5347
1725
9141
3585
3625
6071
8353
2345
6503
7805
5163
2225
1453
8045
2717
7031
6827
3951
5585
5191
4663
1987
9567
499
7431
21
6219
9667
1535
3349
6625
9087
1509
3193
7245
2801
1919
2693
1623
5419
1907
2175
6981
4957
2053
4613
3683
3877
3293
843
1777
8701
7661
1081
1639
4621
169
5829
2301
3083
2271
4561
1
6337
1365
835
8763
5023
1411
7407
2049
2465
5345
7207
5559
9415
4081
4691
169
7111
5985
3385
119
649
7077
7235
8765
8325
5897
5533
3651
4405
833
2239
779
2621
6007
8297
5079
4525
2671
7899
1003
67
2639
1985
2083
7983
3931
3257
1813
3291
6339
8419
71
2425
9329
7065
1561
6127
235
2501
1971
6985
2787
3857
5669
3593
1023
1449
5803
1029
7255
119
907
2101
2091
5837
5399
1689
6991
305
3947
8191
4801
5453
81
2139
6347
2511
2015
771
799
8265
1721
8619
2345
2051
2545
4233
1099
641
4825
9697
2911
5561
5319
1631
4091
2433
6033
5415
1819
4971
5247
9255
4643
51
8725
1391
319
1009
6395
5789
133
2411
1873
5875
6553
5845
4023
4969
5371
6933
1163
2883
6915
8931
2535
7729
7521
8593
4755
6123
6635
9725
9689
3323
4487
8265
6427
4639
8909
1931
8379
3077
99
1169
4363
3743
9119
9701
2901
475
6831
553
761
2783
3755
9571
3085
2445
7545
9635
519
7581
801
709
8169
1889
3341
9133
5141
2623
9771
685
1449
1083
8251
8305
8397
7731
51
1083
5541
557
6677
4371
673
7367
8287
1299
9815
7117
3587
921
2529
5091
7579
6267
1235
3311
3023
3489
5975
5967
7647
2795
8325
7099
6461
2067
7439
6807
7519
6397
1727
7945
8263
7423
1671
473
1495
5301
3831
4219
1125
9207
4949
4993
795
2225
7503
7223
3913
5715
1621
6809
3197
6577
3299
3157
6393
9449
5451
7295
205
9467
4411
1585
6101
1599
4967
3969
9325
1263
9543
1797
7397
7369
2049
2095
1885
4689
575
469
7669
3923
4961
631
343
6701
1845
6205
975
4899
9791
681
5607
4235
6613
1615
4939
3193
6205
1383
1481
6965
3081
6667
6867
725
7887
5027
5597
1921
5293
3077
9711
199
7721
5409
1931
7449
4731
6435
81
2279
9985
1819
1409
961
5779
9749
7975
5417
2671
1633
1671
4173
4797
5353
9689
3747
5803
185
2019
3069
399
1519
3519
7597
5611
431
8555
3781
8739
5761
7877
7883
6227
9939
8167
1259
5957
2217
1099
6869
4739
8209
9491
5531
1763
8717
7657
8349
3667
5607
3363
7179
8533
4015
609
2623
3213
2915
6665
9899
321
2493
2525
4989
8553
2193
8387
269
2297
2415
7689
1569
2253
2547
3671
2477
6021
13
4417
7775
5359
4347
3079
8931
5
745
1789
2359
5133
3967
4781
363
9729
8819
2841
5633
9583
3251
1383
2797
8853
2645
2269
8527
1895
6783
5813
1053
25
203
3297
7437
7513
175
4869
1981
1571
1651
1359
7719
6119
2153
6875
6587
6177
3717
9759
6897
1009
1737
6873
5621
8537
2593
7149
2243
1249
2663
4459
6469
5317
8295
8415
2351
2707
4639
8081
6825
5675
4087
59
8445
9775
601
8963
271
3613
6877
9697
29
6583
5231
2123
3249
2551
2699
3743
5729
5759
9959
2101
9625
33
5405
905
5849
1861
7439
243
8535
7263
433
3567
2515
6103
4695
3835
9731
643
8103
607
3455
6783
7539
2175
3719
809
8923
3913
2013
4729
8231
9489
847
6715
5083
5853
8753
4561
2407
9363
1739
7125
6551
5105
1483
4941
1431
3381
2607
3059
4381
2721
7623
1431
1589
8811
5407
8335
5727
2923
9267
9901
1477
3715
4297
9233
4839
621
8085
169
3731
4453
8093
7017
9097
8037
7791
147
595
7747
4593
4423
4959
3279
7577
6925
4053
2809
6633
9959
3947
6709
4685
1101
7531
3249
9793
899
6207
195
4817
3989
6239
5839
6967
5981
2467
3669
4757
7929
7185
4333
5095
1287
3361
3167
5267
6459
1867
9047
4967
2475
8947
5707
5261
9123
8541
4655
1751
4031
1979
8885
3039
4891
1445
151
8223
9383
7263
9741
2967
9527
4479
4721
4907
8887
6041
1379
8939
4443
9607
1253
8743
4141
6857
1053
651
5247
9317
2761
1829
4785
8375
477
4445
4403
1787
945
1415
3321
2109
1277
2263
2267
821
3671
5347
709
977
6217
8827
6707
5025
9935
6851
2419
9099
3207
7509
4763
587
5683
7461
9123
5467
5139
3949
7695
8549
4269
1919
407
2061
751
213
1729
7751
8043
3115
1607
1627
8737
4427
1663
6441
5545
1599
9699
2381
5181
461
4979
1083
1331
9345
7545
6757
6403
761
2049
9857
4967
2089
1651
2281
4725
5781
1577
5933
9049
2167
981
9617
5251
3289
9599
5779
6227
6911
265
1291
4413
149
6693
75
667
787
6289
5497
2305
2913
6251
6397
1449
9679
3197
2897
3487
9109
43
8395
2055
5543
9205
6125
2039
4503
3835
6901
401
5095
3631
1211
8637
1457
4733
4307
9409
6991
2911
3793
5103
4317
3023
6765
5009
9949
3337
1445
1697
9087
907
6191
1815
7441
8541
3887
8471
611
1943
4827
2333
7243
2421
8843
7253
6589
1719
7431
5751
6103
1789
4093
757
3761
7291
73
3791
7009
3773
159
217
4893
7057
2517
3023
2333
4001
2365
4509
2491
8983
6245
6547
5049
9983
1169
8963
7137
1635
4487
857
445
7033
9567
8057
1621
907
8739
8917
6661
9589
7335
471
3379
367
9875
5233
6801
9079
2849
5959
9059
4683
637
2137
9117
2307
2979
9603
205
5313
5821
2707
4609
2337
4679
6161
2713
1187
4767
7171
4617
8459
269
9043
7783
5189
2625
839
4705
4323
9947
4663
877
567
1865
4641
5579
2605
7185
6757
2001
5107
5403
3687
5985
3113
1207
1695
3547
1709
7577
5381
1095
5169
4201
1949
5661
2033
317
4891
2999
6599
3791
7375
4869
5315
6831
1185
4107
449
5693
8921
2031
5927
8849
8179
6935
1165
91
2067
7291
279
403
9441
227
849
2809
1043
599
3387
3527
4669
2491
5647
5163
8359
8221
2611
9391
4877
6373
4841
5977
191
6049
4785
1453
3735
8087
7995
6011
6761
3459
2827
691
3261
2049
9429
8615
2641
8027
1751
8977
2467
2379
5305
1569
6189
6969
7961
5003
8779
8601
419
2361
7667
6895
805
89
6697
91
2653
285
1125
2111
1793
2947
3857
4113
7237
9925
387
657
6439
3581
3653
803
8973
3035
5813
8729
1685
6709
381
531
8631
5861
639
6141
2677
9689
2329
2095
8061
277
5141
4659
7731
3257
291
767
2341
3647
149
6397
4369
1305
8197
6729
9653
4461
553
6089
1613
9721
4629
7931
5001
475
4639
9773
1991
1697
607
3993
8455
3855
643
9611
7367
7479
445
2549
1375
8099
2319
1595
3573
5139
6513
4461
1269
4671
8435
6813
8301
9995
2227
7603
7659
9815
6485
299
1501
4565
6499
371
8865
261
7683
3341
991
771
1889
301
6851
457
1245
4399
421
8429
5811
1465
6703
5381
3267
3033
6883
8765
1891
7863
4313
5321
9169
1867
7803
7955
389
7933
649
8087
3595
3267
1147
9145
699
507
6779
9225
2445
2495
1803
4509
8483
6913
2271
8401
4789
45
8107
8285
9515
4395
6259
4097
877
397
8707
259
7823
529
8741
1397
753
2373
5585
5523
4713
4243
6869
7455
8849
4683
8389
8965
5869
3397
5459
6491
9787
1427
6785
635
801
6805
8259
5923
2609
2363
13
1161
7149
9041
8823
9985
5503
5101
3639
1889
9265
5945
6003
8985
7239
813
7057
1331
91
2307
5139
499
5097
4249
6863
6659
8381
143
4253
1657
6101
539
8585
1375
8287
6165
7547
7193
8367
601
37
1705
2243
1483
8723
9673
1613
6827
1211
4869
9647
7389
7157
1137
7941
9727
8797
839
2717
4189
5257
1469
6917
1029
2223
2383
8425
791
999
3615
3953
7271
7183
1203
629
7721
3397
5547
4279
7987
5539
8169
7617
5869
5987
1687
4725
9373
7327
2537
5459
3701
7275
5623
181
605
8345
6219
7391
5341
8593
5537
5829
2147
803
2219
7095
4777
1673
9497
7959
3915
6829
5867
6151
1501
6399
4535
1917
183
7501
9943
1355
7255
5067
5249
9713
9085
585
1105
5967
8117
561
631
4373
6843
2159
149
1925
2445
1715
3461
1497
5071
9767
9773
6201
7359
2219
9925
3715
4247
2725
341
283
5087
7389
6007
9261
1095
5391
8185
9461
2791
8499
3563
8107
8891
7941
1755
9579
4947
2185
9339
8595
3773
5685
2483
8919
8213
479
1459
4731
2893
8827
4545
6025
9767
2357
715
2385
289
103
669
1411
1757
9355
1563
1509
1075
2093
4411
2041
2949
1985
6235
303
3547
8099
2015
5979
2069
9067
765
525
2323
7603
1119
9189
2943
839
373
2043
7597
8551
5349
3907
6325
4021
5897
9739
4051
3203
5795
1935
8009
1497
8673
2651
4973
7943
155
703
8159
4645
3645
5009
4987
225
2729
1597
327
8753
7935
9481
4011
8425
579
3873
6131
7671
1681
3107
1883
3093
3667
3525
2051
3163
4909
2957
2071
6445
3325
2595
4921
8447
6029
499
6975
865
5473
409
7819
2223
23
1627
6825
9465
2455
6679
5821
1031
955
7493
8293
1107
3637
355
6889
7141
4973
641
3705
3751
163
1547
3297
8797
1881
1127
5307
5135
5727
7253
5301
717
4909
4547
1685
4887
6363
2647
329
3031
7507
4947
6423
8589
9759
3431
3967
1725
1151
7351
1323
9895
9913
1539
1727
9719
8717
2383
293
3903
4605
5437
1943
4465
6963
9359
1479
5725
6501
6335
